        Date        , GPU Core Clock [MHz] , GPU Memory Clock [MHz] , GPU Temperature [°C] , GPU Power [W] , GPU Load [%] , Memory Usage (Dedicated) [MB] , Memory Usage (Dynamic) [MB] ,
2014-01-24 11:51:33 ,              350.0   ,                800.0   ,               47.0   ,         0.3   ,          4   ,                          16   ,                       282   ,
2014-01-24 11:51:34 ,              350.0   ,                800.0   ,               52.0   ,         0.1   ,          2   ,                          16   ,                       282   ,
2014-01-24 11:51:35 ,              350.0   ,                800.0   ,               57.0   ,         0.4   ,          6   ,                          16   ,                       283   ,
2014-01-24 11:51:36 ,             1250.0   ,                800.0   ,               51.0   ,         4.2   ,         27   ,                          16   ,                       287   ,
2014-01-24 11:51:37 ,             1250.0   ,                800.0   ,               53.0   ,        13.7   ,         78   ,                          16   ,                       287   ,
2014-01-24 11:51:38 ,             1250.0   ,                800.0   ,               54.0   ,        13.7   ,         78   ,                          16   ,                       290   ,
2014-01-24 11:51:39 ,             1250.0   ,                800.0   ,               54.0   ,        13.7   ,         77   ,                          16   ,                       287   ,
2014-01-24 11:51:40 ,             1250.0   ,                800.0   ,               54.0   ,        13.7   ,         77   ,                          16   ,                       287   ,
2014-01-24 11:51:41 ,             1250.0   ,                800.0   ,               54.0   ,        13.7   ,         78   ,                          16   ,                       287   ,
2014-01-24 11:51:43 ,             1250.0   ,                800.0   ,               56.0   ,        13.6   ,         78   ,                          16   ,                       287   ,
2014-01-24 11:51:44 ,             1250.0   ,                800.0   ,               55.0   ,        13.6   ,         78   ,                          16   ,                       287   ,
2014-01-24 11:51:45 ,             1250.0   ,                800.0   ,               56.0   ,        13.7   ,         78   ,                          16   ,                       287   ,
2014-01-24 11:51:46 ,             1250.0   ,                800.0   ,               56.0   ,        13.8   ,         78   ,                          16   ,                       290   ,
2014-01-24 11:51:47 ,             1250.0   ,                800.0   ,               57.0   ,        13.8   ,         78   ,                          16   ,                       290   ,
2014-01-24 11:51:48 ,             1250.0   ,                800.0   ,               58.0   ,        13.8   ,         78   ,                          16   ,                       287   ,
2014-01-24 11:51:49 ,             1250.0   ,                800.0   ,               59.0   ,        13.6   ,         77   ,                          16   ,                       290   ,
2014-01-24 11:51:50 ,             1250.0   ,                800.0   ,               59.0   ,        13.5   ,         77   ,                          16   ,                       290   ,
2014-01-24 11:51:51 ,             1250.0   ,                800.0   ,               60.0   ,        13.6   ,         77   ,                          16   ,                       290   ,
2014-01-24 11:51:52 ,             1250.0   ,                800.0   ,               58.0   ,        13.6   ,         77   ,                          16   ,                       287   ,
2014-01-24 11:51:53 ,             1250.0   ,                800.0   ,               57.0   ,        13.6   ,         77   ,                          16   ,                       287   ,
2014-01-24 11:51:54 ,             1250.0   ,                800.0   ,               59.0   ,        13.7   ,         77   ,                          16   ,                       287   ,
2014-01-24 11:51:55 ,             1250.0   ,                800.0   ,               57.0   ,        13.7   ,         77   ,                          16   ,                       287   ,
2014-01-24 11:51:56 ,             1250.0   ,                800.0   ,               57.0   ,        13.8   ,         78   ,                          16   ,                       287   ,
2014-01-24 11:51:57 ,             1250.0   ,                800.0   ,               58.0   ,        13.7   ,         77   ,                          16   ,                       287   ,
2014-01-24 11:51:58 ,             1250.0   ,                800.0   ,               58.0   ,        13.7   ,         78   ,                          16   ,                       287   ,
2014-01-24 11:51:59 ,             1250.0   ,                800.0   ,               59.0   ,        13.6   ,         77   ,                          16   ,                       287   ,
2014-01-24 11:52:00 ,             1250.0   ,                800.0   ,               59.0   ,        13.5   ,         77   ,                          16   ,                       287   ,
2014-01-24 11:52:01 ,             1250.0   ,                800.0   ,               59.0   ,        13.6   ,         77   ,                          16   ,                       290   ,
2014-01-24 11:52:02 ,             1250.0   ,                800.0   ,               59.0   ,        13.7   ,         78   ,                          16   ,                       290   ,
2014-01-24 11:52:03 ,             1250.0   ,                800.0   ,               59.0   ,        13.7   ,         78   ,                          16   ,                       290   ,
2014-01-24 11:52:04 ,             1250.0   ,                800.0   ,               59.0   ,        13.8   ,         78   ,                          16   ,                       287   ,
2014-01-24 11:52:05 ,             1250.0   ,                800.0   ,               59.0   ,        13.7   ,         78   ,                          16   ,                       287   ,
2014-01-24 11:52:06 ,             1250.0   ,                800.0   ,               59.0   ,        13.8   ,         78   ,                          16   ,                       290   ,
2014-01-24 11:52:07 ,             1250.0   ,                800.0   ,               58.0   ,        13.7   ,         77   ,                          16   ,                       290   ,
2014-01-24 11:52:08 ,             1250.0   ,                800.0   ,               59.0   ,        13.6   ,         77   ,                          16   ,                       290   ,
2014-01-24 11:52:09 ,             1250.0   ,                800.0   ,               59.0   ,        13.6   ,         77   ,                          16   ,                       287   ,
2014-01-24 11:52:10 ,             1250.0   ,                800.0   ,               58.0   ,        13.6   ,         77   ,                          16   ,                       290   ,
2014-01-24 11:52:11 ,             1250.0   ,                800.0   ,               59.0   ,        13.7   ,         77   ,                          16   ,                       287   ,
2014-01-24 11:52:12 ,             1250.0   ,                800.0   ,               59.0   ,        13.8   ,         78   ,                          16   ,                       287   ,
2014-01-24 11:52:13 ,             1250.0   ,                800.0   ,               60.0   ,        13.6   ,         78   ,                          16   ,                       290   ,
2014-01-24 11:52:14 ,             1250.0   ,                800.0   ,               60.0   ,        13.9   ,         78   ,                          16   ,                       290   ,
2014-01-24 11:52:15 ,             1250.0   ,                800.0   ,               60.0   ,        13.7   ,         78   ,                          16   ,                       285   ,
2014-01-24 11:52:16 ,             1250.0   ,                800.0   ,               58.0   ,        13.7   ,         78   ,                          16   ,                       287   ,
2014-01-24 11:52:17 ,             1250.0   ,                800.0   ,               59.0   ,        13.7   ,         78   ,                          16   ,                       287   ,
2014-01-24 11:52:18 ,             1250.0   ,                800.0   ,               60.0   ,        13.7   ,         78   ,                          16   ,                       287   ,
2014-01-24 11:52:19 ,             1250.0   ,                800.0   ,               59.0   ,        13.7   ,         78   ,                          16   ,                       287   ,
2014-01-24 11:52:20 ,             1250.0   ,                800.0   ,               59.0   ,        13.9   ,         78   ,                          16   ,                       290   ,
2014-01-24 11:52:21 ,             1250.0   ,                800.0   ,               60.0   ,        13.8   ,         78   ,                          16   ,                       287   ,
2014-01-24 11:52:22 ,             1250.0   ,                800.0   ,               61.0   ,        13.9   ,         78   ,                          16   ,                       287   ,
2014-01-24 11:52:23 ,             1250.0   ,                800.0   ,               61.0   ,        13.8   ,         78   ,                          16   ,                       287   ,
2014-01-24 11:52:24 ,             1250.0   ,                800.0   ,               60.0   ,        13.8   ,         78   ,                          16   ,                       287   ,
2014-01-24 11:52:25 ,             1250.0   ,                800.0   ,               61.0   ,        13.8   ,         78   ,                          16   ,                       287   ,
2014-01-24 11:52:26 ,             1250.0   ,                800.0   ,               60.0   ,        13.7   ,         78   ,                          16   ,                       290   ,
2014-01-24 11:52:27 ,             1250.0   ,                800.0   ,               60.0   ,        13.8   ,         78   ,                          16   ,                       287   ,
2014-01-24 11:52:28 ,             1250.0   ,                800.0   ,               60.0   ,        13.9   ,         78   ,                          16   ,                       290   ,
2014-01-24 11:52:29 ,             1250.0   ,                800.0   ,               60.0   ,        13.9   ,         78   ,                          16   ,                       290   ,
2014-01-24 11:52:30 ,             1250.0   ,                800.0   ,               60.0   ,        13.8   ,         78   ,                          16   ,                       290   ,
2014-01-24 11:52:31 ,             1250.0   ,                800.0   ,               60.0   ,        13.9   ,         78   ,                          16   ,                       290   ,
2014-01-24 11:52:32 ,             1250.0   ,                800.0   ,               60.0   ,        13.8   ,         78   ,                          16   ,                       287   ,
2014-01-24 11:52:33 ,             1250.0   ,                800.0   ,               60.0   ,        13.7   ,         78   ,                          16   ,                       287   ,
2014-01-24 11:52:34 ,             1250.0   ,                800.0   ,               60.0   ,        13.9   ,         79   ,                          16   ,                       290   ,
2014-01-24 11:52:35 ,             1250.0   ,                800.0   ,               60.0   ,        13.9   ,         79   ,                          16   ,                       287   ,
2014-01-24 11:52:36 ,             1250.0   ,                800.0   ,               61.0   ,        14.1   ,         79   ,                          16   ,                       290   ,
2014-01-24 11:52:37 ,             1250.0   ,                800.0   ,               60.0   ,        14.0   ,         79   ,                          16   ,                       287   ,
2014-01-24 11:52:38 ,             1250.0   ,                800.0   ,               61.0   ,        14.0   ,         79   ,                          16   ,                       287   ,
2014-01-24 11:52:39 ,             1250.0   ,                800.0   ,               60.0   ,        13.8   ,         78   ,                          16   ,                       287   ,
2014-01-24 11:52:40 ,             1250.0   ,                800.0   ,               61.0   ,        13.8   ,         78   ,                          16   ,                       290   ,
2014-01-24 11:52:41 ,             1250.0   ,                800.0   ,               60.0   ,        13.8   ,         78   ,                          16   ,                       290   ,
2014-01-24 11:52:42 ,             1250.0   ,                800.0   ,               61.0   ,        13.9   ,         78   ,                          16   ,                       290   ,
2014-01-24 11:52:43 ,             1250.0   ,                800.0   ,               60.0   ,        13.9   ,         79   ,                          16   ,                       290   ,
2014-01-24 11:52:44 ,             1250.0   ,                800.0   ,               60.0   ,        14.0   ,         79   ,                          16   ,                       287   ,
2014-01-24 11:52:45 ,             1250.0   ,                800.0   ,               60.0   ,        14.0   ,         79   ,                          16   ,                       287   ,
2014-01-24 11:52:46 ,             1250.0   ,                800.0   ,               60.0   ,        14.0   ,         79   ,                          16   ,                       287   ,
2014-01-24 11:52:47 ,             1250.0   ,                800.0   ,               60.0   ,        13.9   ,         79   ,                          16   ,                       287   ,
2014-01-24 11:52:48 ,             1250.0   ,                800.0   ,               61.0   ,        13.8   ,         78   ,                          16   ,                       287   ,
2014-01-24 11:52:49 ,             1250.0   ,                800.0   ,               60.0   ,        13.8   ,         78   ,                          16   ,                       290   ,
2014-01-24 11:52:50 ,             1250.0   ,                800.0   ,               60.0   ,        14.0   ,         79   ,                          16   ,                       287   ,
2014-01-24 11:52:51 ,             1250.0   ,                800.0   ,               60.0   ,        14.0   ,         79   ,                          16   ,                       287   ,
2014-01-24 11:52:52 ,             1250.0   ,                800.0   ,               60.0   ,        14.1   ,         79   ,                          16   ,                       287   ,
2014-01-24 11:52:53 ,             1250.0   ,                800.0   ,               61.0   ,        14.0   ,         79   ,                          16   ,                       287   ,
2014-01-24 11:52:55 ,             1250.0   ,                800.0   ,               61.0   ,        14.0   ,         79   ,                          16   ,                       287   ,
2014-01-24 11:52:56 ,             1250.0   ,                800.0   ,               61.0   ,        13.8   ,         78   ,                          16   ,                       287   ,
2014-01-24 11:52:57 ,             1250.0   ,                800.0   ,               60.0   ,        13.9   ,         79   ,                          16   ,                       287   ,
2014-01-24 11:52:58 ,             1250.0   ,                800.0   ,               60.0   ,        13.9   ,         79   ,                          16   ,                       287   ,
2014-01-24 11:52:59 ,             1250.0   ,                800.0   ,               61.0   ,        14.0   ,         79   ,                          16   ,                       285   ,
2014-01-24 11:53:00 ,             1250.0   ,                800.0   ,               60.0   ,        13.9   ,         78   ,                          16   ,                       287   ,
2014-01-24 11:53:01 ,             1250.0   ,                800.0   ,               61.0   ,        14.0   ,         79   ,                          16   ,                       290   ,
2014-01-24 11:53:02 ,             1250.0   ,                800.0   ,               61.0   ,        14.0   ,         79   ,                          16   ,                       290   ,
2014-01-24 11:53:03 ,             1250.0   ,                800.0   ,               61.0   ,        13.9   ,         79   ,                          16   ,                       290   ,
2014-01-24 11:53:04 ,             1250.0   ,                800.0   ,               60.0   ,        13.8   ,         78   ,                          16   ,                       287   ,
2014-01-24 11:53:05 ,             1250.0   ,                800.0   ,               61.0   ,        13.9   ,         79   ,                          16   ,                       290   ,
2014-01-24 11:53:06 ,             1250.0   ,                800.0   ,               60.0   ,        14.0   ,         79   ,                          16   ,                       287   ,
2014-01-24 11:53:07 ,             1250.0   ,                800.0   ,               60.0   ,        14.0   ,         79   ,                          16   ,                       290   ,
2014-01-24 11:53:08 ,             1250.0   ,                800.0   ,               61.0   ,        14.0   ,         79   ,                          16   ,                       290   ,
2014-01-24 11:53:09 ,             1250.0   ,                800.0   ,               61.0   ,        14.0   ,         79   ,                          16   ,                       287   ,
2014-01-24 11:53:10 ,             1250.0   ,                800.0   ,               61.0   ,        13.8   ,         78   ,                          16   ,                       287   ,
2014-01-24 11:53:11 ,             1250.0   ,                800.0   ,               60.0   ,        13.9   ,         79   ,                          16   ,                       287   ,
2014-01-24 11:53:12 ,             1250.0   ,                800.0   ,               61.0   ,        13.9   ,         78   ,                          16   ,                       287   ,
2014-01-24 11:53:13 ,             1250.0   ,                800.0   ,               60.0   ,        13.9   ,         78   ,                          16   ,                       290   ,
2014-01-24 11:53:14 ,             1250.0   ,                800.0   ,               60.0   ,        14.0   ,         79   ,                          16   ,                       287   ,
2014-01-24 11:53:15 ,             1250.0   ,                800.0   ,               60.0   ,        14.1   ,         79   ,                          16   ,                       287   ,
2014-01-24 11:53:16 ,             1250.0   ,                800.0   ,               60.0   ,        14.0   ,         79   ,                          16   ,                       287   ,
2014-01-24 11:53:17 ,             1250.0   ,                800.0   ,               60.0   ,        14.0   ,         79   ,                          16   ,                       290   ,
2014-01-24 11:53:18 ,             1250.0   ,                800.0   ,               60.0   ,        13.9   ,         78   ,                          16   ,                       287   ,
2014-01-24 11:53:19 ,             1250.0   ,                800.0   ,               60.0   ,        13.8   ,         78   ,                          16   ,                       287   ,
2014-01-24 11:53:20 ,             1250.0   ,                800.0   ,               60.0   ,        13.9   ,         79   ,                          16   ,                       290   ,
2014-01-24 11:53:21 ,             1250.0   ,                800.0   ,               61.0   ,        14.1   ,         79   ,                          16   ,                       287   ,
2014-01-24 11:53:22 ,             1250.0   ,                800.0   ,               61.0   ,        14.0   ,         79   ,                          16   ,                       287   ,
2014-01-24 11:53:23 ,             1250.0   ,                800.0   ,               61.0   ,        14.1   ,         79   ,                          16   ,                       287   ,
2014-01-24 11:53:24 ,             1250.0   ,                800.0   ,               61.0   ,        14.0   ,         79   ,                          16   ,                       287   ,
2014-01-24 11:53:25 ,             1250.0   ,                800.0   ,               60.0   ,        13.9   ,         79   ,                          16   ,                       290   ,
2014-01-24 11:53:26 ,             1250.0   ,                800.0   ,               60.0   ,        13.9   ,         78   ,                          16   ,                       287   ,
2014-01-24 11:53:27 ,             1250.0   ,                800.0   ,               61.0   ,        13.9   ,         79   ,                          16   ,                       287   ,
2014-01-24 11:53:28 ,             1250.0   ,                800.0   ,               61.0   ,        14.0   ,         79   ,                          16   ,                       290   ,
2014-01-24 11:53:29 ,             1250.0   ,                800.0   ,               61.0   ,        14.0   ,         79   ,                          16   ,                       290   ,
2014-01-24 11:53:30 ,             1250.0   ,                800.0   ,               61.0   ,        13.9   ,         78   ,                          16   ,                       287   ,
2014-01-24 11:53:31 ,             1250.0   ,                800.0   ,               61.0   ,        14.0   ,         79   ,                          16   ,                       285   ,
2014-01-24 11:53:32 ,             1250.0   ,                800.0   ,               60.0   ,        13.9   ,         78   ,                          16   ,                       287   ,
2014-01-24 11:53:33 ,             1250.0   ,                800.0   ,               61.0   ,        13.8   ,         78   ,                          16   ,                       287   ,
2014-01-24 11:53:34 ,             1250.0   ,                800.0   ,               61.0   ,        13.9   ,         78   ,                          16   ,                       287   ,
2014-01-24 11:53:35 ,             1250.0   ,                800.0   ,               61.0   ,        14.1   ,         79   ,                          16   ,                       287   ,
2014-01-24 11:53:36 ,             1250.0   ,                800.0   ,               61.0   ,        14.1   ,         79   ,                          16   ,                       287   ,
2014-01-24 11:53:37 ,             1250.0   ,                800.0   ,               61.0   ,        14.1   ,         79   ,                          16   ,                       287   ,
2014-01-24 11:53:38 ,             1250.0   ,                800.0   ,               61.0   ,        14.0   ,         79   ,                          16   ,                       290   ,
2014-01-24 11:53:39 ,             1250.0   ,                800.0   ,               62.0   ,        13.9   ,         78   ,                          16   ,                       287   ,
2014-01-24 11:53:40 ,             1250.0   ,                800.0   ,               61.0   ,        13.8   ,         78   ,                          16   ,                       287   ,
2014-01-24 11:53:41 ,             1250.0   ,                800.0   ,               61.0   ,        13.9   ,         79   ,                          16   ,                       287   ,
2014-01-24 11:53:42 ,             1250.0   ,                800.0   ,               61.0   ,        14.0   ,         79   ,                          16   ,                       290   ,
2014-01-24 11:53:43 ,             1250.0   ,                800.0   ,               61.0   ,        14.1   ,         79   ,                          16   ,                       287   ,
2014-01-24 11:53:44 ,             1250.0   ,                800.0   ,               61.0   ,        14.0   ,         78   ,                          16   ,                       287   ,
2014-01-24 11:53:45 ,             1250.0   ,                800.0   ,               61.0   ,        14.0   ,         79   ,                          16   ,                       287   ,
2014-01-24 11:53:46 ,             1250.0   ,                800.0   ,               61.0   ,        13.9   ,         78   ,                          16   ,                       287   ,
2014-01-24 11:53:47 ,             1250.0   ,                800.0   ,               61.0   ,        13.9   ,         79   ,                          16   ,                       290   ,
2014-01-24 11:53:48 ,             1250.0   ,                800.0   ,               61.0   ,        13.9   ,         79   ,                          16   ,                       290   ,
2014-01-24 11:53:49 ,             1250.0   ,                800.0   ,               61.0   ,        13.9   ,         78   ,                          16   ,                       287   ,
2014-01-24 11:53:50 ,             1250.0   ,                800.0   ,               61.0   ,        14.0   ,         79   ,                          16   ,                       287   ,
2014-01-24 11:53:51 ,             1250.0   ,                800.0   ,               61.0   ,        14.0   ,         79   ,                          16   ,                       287   ,
2014-01-24 11:53:52 ,             1250.0   ,                800.0   ,               62.0   ,        14.1   ,         79   ,                          16   ,                       290   ,
2014-01-24 11:53:53 ,             1250.0   ,                800.0   ,               61.0   ,        14.0   ,         79   ,                          16   ,                       287   ,
2014-01-24 11:53:54 ,             1250.0   ,                800.0   ,               61.0   ,        13.9   ,         79   ,                          16   ,                       287   ,
2014-01-24 11:53:55 ,             1250.0   ,                800.0   ,               61.0   ,        13.9   ,         79   ,                          16   ,                       287   ,
2014-01-24 11:53:56 ,             1250.0   ,                800.0   ,               61.0   ,        13.9   ,         79   ,                          16   ,                       287   ,
2014-01-24 11:53:57 ,             1250.0   ,                800.0   ,               61.0   ,        14.1   ,         79   ,                          16   ,                       290   ,
2014-01-24 11:53:58 ,             1250.0   ,                800.0   ,               61.0   ,        14.0   ,         79   ,                          16   ,                       287   ,
2014-01-24 11:53:59 ,             1250.0   ,                800.0   ,               62.0   ,        13.9   ,         78   ,                          16   ,                       287   ,
2014-01-24 11:54:00 ,             1250.0   ,                800.0   ,               61.0   ,        13.9   ,         78   ,                          16   ,                       287   ,
2014-01-24 11:54:01 ,             1250.0   ,                800.0   ,               61.0   ,        14.0   ,         79   ,                          16   ,                       287   ,
2014-01-24 11:54:02 ,             1250.0   ,                800.0   ,               61.0   ,        13.9   ,         78   ,                          16   ,                       287   ,
2014-01-24 11:54:03 ,             1250.0   ,                800.0   ,               61.0   ,        13.9   ,         78   ,                          16   ,                       287   ,
2014-01-24 11:54:04 ,             1250.0   ,                800.0   ,               61.0   ,        14.0   ,         79   ,                          16   ,                       287   ,
2014-01-24 11:54:05 ,             1250.0   ,                800.0   ,               61.0   ,        14.1   ,         79   ,                          16   ,                       287   ,
2014-01-24 11:54:06 ,             1250.0   ,                800.0   ,               61.0   ,        14.1   ,         79   ,                          16   ,                       290   ,
2014-01-24 11:54:08 ,             1250.0   ,                800.0   ,               61.0   ,        14.0   ,         79   ,                          16   ,                       287   ,
2014-01-24 11:54:09 ,             1250.0   ,                800.0   ,               61.0   ,        13.9   ,         78   ,                          16   ,                       290   ,
2014-01-24 11:54:10 ,             1250.0   ,                800.0   ,               61.0   ,        13.8   ,         78   ,                          16   ,                       287   ,
2014-01-24 11:54:11 ,             1250.0   ,                800.0   ,               61.0   ,        13.9   ,         78   ,                          16   ,                       290   ,
2014-01-24 11:54:12 ,             1250.0   ,                800.0   ,               61.0   ,        14.0   ,         79   ,                          16   ,                       287   ,
2014-01-24 11:54:13 ,             1250.0   ,                800.0   ,               61.0   ,        14.1   ,         79   ,                          16   ,                       287   ,
2014-01-24 11:54:14 ,             1250.0   ,                800.0   ,               61.0   ,        14.1   ,         79   ,                          16   ,                       290   ,
2014-01-24 11:54:15 ,             1250.0   ,                800.0   ,               61.0   ,        14.1   ,         79   ,                          16   ,                       287   ,
2014-01-24 11:54:16 ,             1250.0   ,                800.0   ,               61.0   ,        14.0   ,         79   ,                          16   ,                       285   ,
2014-01-24 11:54:17 ,             1250.0   ,                800.0   ,               61.0   ,        13.9   ,         78   ,                          16   ,                       285   ,
2014-01-24 11:54:18 ,             1250.0   ,                800.0   ,               61.0   ,        13.9   ,         78   ,                          16   ,                       287   ,
2014-01-24 11:54:19 ,             1250.0   ,                800.0   ,               61.0   ,        13.9   ,         79   ,                          16   ,                       287   ,
2014-01-24 11:54:20 ,             1250.0   ,                800.0   ,               61.0   ,        13.9   ,         78   ,                          16   ,                       287   ,
2014-01-24 11:54:21 ,             1250.0   ,                800.0   ,               61.0   ,        14.0   ,         79   ,                          16   ,                       290   ,
2014-01-24 11:54:22 ,             1250.0   ,                800.0   ,               61.0   ,        14.1   ,         79   ,                          16   ,                       287   ,
2014-01-24 11:54:23 ,             1250.0   ,                800.0   ,               62.0   ,        14.0   ,         79   ,                          16   ,                       287   ,
2014-01-24 11:54:24 ,             1250.0   ,                800.0   ,               61.0   ,        14.0   ,         79   ,                          16   ,                       290   ,
2014-01-24 11:54:25 ,             1250.0   ,                800.0   ,               61.0   ,        13.9   ,         78   ,                          16   ,                       290   ,
2014-01-24 11:54:26 ,             1250.0   ,                800.0   ,               61.0   ,        13.9   ,         78   ,                          16   ,                       287   ,
2014-01-24 11:54:27 ,             1250.0   ,                800.0   ,               61.0   ,        14.0   ,         79   ,                          16   ,                       287   ,
2014-01-24 11:54:28 ,             1250.0   ,                800.0   ,               62.0   ,        14.1   ,         79   ,                          16   ,                       290   ,
2014-01-24 11:54:29 ,             1250.0   ,                800.0   ,               61.0   ,        14.1   ,         79   ,                          16   ,                       290   ,
2014-01-24 11:54:30 ,             1250.0   ,                800.0   ,               61.0   ,        13.9   ,         78   ,                          16   ,                       287   ,
2014-01-24 11:54:31 ,             1250.0   ,                800.0   ,               61.0   ,        14.0   ,         79   ,                          16   ,                       290   ,
2014-01-24 11:54:32 ,             1250.0   ,                800.0   ,               61.0   ,        13.9   ,         78   ,                          16   ,                       285   ,
2014-01-24 11:54:33 ,             1250.0   ,                800.0   ,               61.0   ,        13.9   ,         79   ,                          16   ,                       287   ,
2014-01-24 11:54:34 ,             1250.0   ,                800.0   ,               61.0   ,        14.0   ,         79   ,                          16   ,                       287   ,
2014-01-24 11:54:35 ,             1250.0   ,                800.0   ,               61.0   ,        14.1   ,         79   ,                          16   ,                       287   ,
2014-01-24 11:54:36 ,             1250.0   ,                800.0   ,               61.0   ,        14.1   ,         79   ,                          16   ,                       290   ,
2014-01-24 11:54:37 ,             1250.0   ,                800.0   ,               61.0   ,        14.0   ,         79   ,                          16   ,                       287   ,
2014-01-24 11:54:38 ,             1250.0   ,                800.0   ,               61.0   ,        14.0   ,         79   ,                          16   ,                       290   ,
2014-01-24 11:54:39 ,             1250.0   ,                800.0   ,               61.0   ,        13.8   ,         78   ,                          16   ,                       287   ,
2014-01-24 11:54:40 ,             1250.0   ,                800.0   ,               61.0   ,        13.8   ,         78   ,                          16   ,                       287   ,
2014-01-24 11:54:41 ,             1250.0   ,                800.0   ,               61.0   ,        13.9   ,         79   ,                          16   ,                       287   ,
2014-01-24 11:54:42 ,             1250.0   ,                800.0   ,               61.0   ,        14.1   ,         79   ,                          16   ,                       287   ,
2014-01-24 11:54:43 ,             1250.0   ,                800.0   ,               61.0   ,        14.0   ,         79   ,                          16   ,                       290   ,
2014-01-24 11:54:44 ,             1250.0   ,                800.0   ,               61.0   ,        14.1   ,         79   ,                          16   ,                       290   ,
2014-01-24 11:54:45 ,             1250.0   ,                800.0   ,               61.0   ,        14.0   ,         79   ,                          16   ,                       290   ,
2014-01-24 11:54:46 ,             1250.0   ,                800.0   ,               61.0   ,        14.0   ,         79   ,                          16   ,                       290   ,
2014-01-24 11:54:47 ,             1250.0   ,                800.0   ,               61.0   ,        13.8   ,         78   ,                          16   ,                       287   ,
2014-01-24 11:54:48 ,             1250.0   ,                800.0   ,               61.0   ,        13.9   ,         79   ,                          16   ,                       290   ,
2014-01-24 11:54:49 ,             1250.0   ,                800.0   ,               61.0   ,        13.9   ,         78   ,                          16   ,                       287   ,
2014-01-24 11:54:50 ,             1250.0   ,                800.0   ,               61.0   ,        14.0   ,         79   ,                          16   ,                       287   ,
2014-01-24 11:54:51 ,             1250.0   ,                800.0   ,               61.0   ,        14.1   ,         79   ,                          16   ,                       287   ,
2014-01-24 11:54:52 ,             1250.0   ,                800.0   ,               61.0   ,        14.0   ,         79   ,                          16   ,                       290   ,
2014-01-24 11:54:53 ,             1250.0   ,                800.0   ,               61.0   ,        13.9   ,         78   ,                          16   ,                       287   ,
2014-01-24 11:54:54 ,             1250.0   ,                800.0   ,               61.0   ,        13.9   ,         79   ,                          16   ,                       287   ,
2014-01-24 11:54:55 ,             1250.0   ,                800.0   ,               61.0   ,        13.9   ,         78   ,                          16   ,                       287   ,
2014-01-24 11:54:56 ,             1250.0   ,                800.0   ,               61.0   ,        14.0   ,         78   ,                          16   ,                       287   ,
2014-01-24 11:54:57 ,             1250.0   ,                800.0   ,               61.0   ,        14.0   ,         79   ,                          16   ,                       287   ,
2014-01-24 11:54:58 ,             1250.0   ,                800.0   ,               61.0   ,        14.0   ,         79   ,                          16   ,                       290   ,
2014-01-24 11:54:59 ,             1250.0   ,                800.0   ,               63.0   ,        14.0   ,         78   ,                          16   ,                       287   ,
2014-01-24 11:55:00 ,             1250.0   ,                800.0   ,               61.0   ,        13.9   ,         79   ,                          16   ,                       290   ,
2014-01-24 11:55:01 ,             1250.0   ,                800.0   ,               61.0   ,        13.7   ,         78   ,                          16   ,                       290   ,
2014-01-24 11:55:02 ,             1250.0   ,                800.0   ,               61.0   ,        13.8   ,         78   ,                          16   ,                       290   ,
2014-01-24 11:55:03 ,             1250.0   ,                800.0   ,               61.0   ,        13.9   ,         78   ,                          16   ,                       287   ,
2014-01-24 11:55:04 ,             1250.0   ,                800.0   ,               61.0   ,        13.9   ,         78   ,                          16   ,                       287   ,
2014-01-24 11:55:05 ,             1250.0   ,                800.0   ,               61.0   ,        14.0   ,         79   ,                          16   ,                       287   ,
2014-01-24 11:55:06 ,             1250.0   ,                800.0   ,               62.0   ,        14.0   ,         79   ,                          16   ,                       290   ,
2014-01-24 11:55:07 ,             1250.0   ,                800.0   ,               61.0   ,        13.9   ,         78   ,                          16   ,                       290   ,
2014-01-24 11:55:08 ,             1200.0   ,                800.0   ,               62.0   ,        13.3   ,         76   ,                          16   ,                       297   ,
2014-01-24 11:55:09 ,             1250.0   ,                800.0   ,               62.0   ,        13.5   ,         77   ,                          16   ,                       286   ,
2014-01-24 11:55:10 ,             1250.0   ,                800.0   ,               62.0   ,        13.2   ,         76   ,                          16   ,                       290   ,
2014-01-24 11:55:11 ,             1250.0   ,                800.0   ,               61.0   ,        13.5   ,         77   ,                          16   ,                       290   ,
2014-01-24 11:55:12 ,             1250.0   ,                800.0   ,               61.0   ,        13.7   ,         77   ,                          16   ,                       287   ,
2014-01-24 11:55:13 ,             1250.0   ,                800.0   ,               62.0   ,        13.9   ,         78   ,                          16   ,                       287   ,
2014-01-24 11:55:14 ,             1250.0   ,                800.0   ,               62.0   ,        14.0   ,         78   ,                          16   ,                       287   ,
2014-01-24 11:55:15 ,             1250.0   ,                800.0   ,               61.0   ,        14.0   ,         78   ,                          16   ,                       287   ,
2014-01-24 11:55:16 ,             1250.0   ,                800.0   ,               61.0   ,        14.0   ,         79   ,                          16   ,                       290   ,
2014-01-24 11:55:17 ,             1250.0   ,                800.0   ,               61.0   ,        14.0   ,         78   ,                          16   ,                       287   ,
2014-01-24 11:55:18 ,             1250.0   ,                800.0   ,               62.0   ,        13.9   ,         78   ,                          16   ,                       285   ,
2014-01-24 11:55:20 ,             1250.0   ,                800.0   ,               61.0   ,        13.8   ,         78   ,                          16   ,                       287   ,
2014-01-24 11:55:21 ,             1250.0   ,                800.0   ,               61.0   ,        13.8   ,         78   ,                          16   ,                       287   ,
2014-01-24 11:55:22 ,             1250.0   ,                800.0   ,               61.0   ,        13.9   ,         78   ,                          16   ,                       287   ,
2014-01-24 11:55:23 ,             1250.0   ,                800.0   ,               62.0   ,        14.0   ,         79   ,                          16   ,                       287   ,
2014-01-24 11:55:24 ,             1250.0   ,                800.0   ,               61.0   ,        14.0   ,         79   ,                          16   ,                       287   ,
2014-01-24 11:55:25 ,             1250.0   ,                800.0   ,               61.0   ,        14.0   ,         79   ,                          16   ,                       287   ,
2014-01-24 11:55:26 ,             1250.0   ,                800.0   ,               61.0   ,        13.9   ,         78   ,                          16   ,                       287   ,
2014-01-24 11:55:27 ,             1250.0   ,                800.0   ,               61.0   ,        13.9   ,         78   ,                          16   ,                       290   ,
2014-01-24 11:55:28 ,             1250.0   ,                800.0   ,               61.0   ,        13.8   ,         78   ,                          16   ,                       287   ,
2014-01-24 11:55:29 ,             1250.0   ,                800.0   ,               61.0   ,        13.9   ,         78   ,                          16   ,                       287   ,
2014-01-24 11:55:30 ,             1250.0   ,                800.0   ,               61.0   ,        13.9   ,         78   ,                          16   ,                       287   ,
2014-01-24 11:55:31 ,             1250.0   ,                800.0   ,               63.0   ,        14.0   ,         79   ,                          16   ,                       287   ,
2014-01-24 11:55:32 ,             1250.0   ,                800.0   ,               61.0   ,        14.0   ,         78   ,                          16   ,                       287   ,
2014-01-24 11:55:33 ,             1250.0   ,                800.0   ,               62.0   ,        14.0   ,         78   ,                          16   ,                       287   ,
2014-01-24 11:55:34 ,             1250.0   ,                800.0   ,               63.0   ,        13.9   ,         78   ,                          16   ,                       287   ,
2014-01-24 11:55:35 ,             1250.0   ,                800.0   ,               61.0   ,        13.8   ,         78   ,                          16   ,                       287   ,
2014-01-24 11:55:36 ,             1250.0   ,                800.0   ,               62.0   ,        13.9   ,         78   ,                          16   ,                       287   ,
2014-01-24 11:55:37 ,             1250.0   ,                800.0   ,               62.0   ,        13.9   ,         78   ,                          16   ,                       287   ,
2014-01-24 11:55:38 ,             1250.0   ,                800.0   ,               62.0   ,        14.0   ,         78   ,                          16   ,                       290   ,
2014-01-24 11:55:39 ,             1250.0   ,                800.0   ,               61.0   ,        13.9   ,         78   ,                          16   ,                       287   ,
2014-01-24 11:55:40 ,             1250.0   ,                800.0   ,               64.0   ,        13.8   ,         78   ,                          16   ,                       287   ,
2014-01-24 11:55:41 ,             1250.0   ,                800.0   ,               61.0   ,        13.9   ,         78   ,                          16   ,                       287   ,
2014-01-24 11:55:42 ,             1250.0   ,                800.0   ,               61.0   ,        14.0   ,         79   ,                          16   ,                       287   ,
2014-01-24 11:55:43 ,             1250.0   ,                800.0   ,               61.0   ,        13.7   ,         77   ,                          16   ,                       287   ,
2014-01-24 11:55:44 ,             1250.0   ,                800.0   ,               61.0   ,        14.0   ,         79   ,                          16   ,                       287   ,
2014-01-24 11:55:45 ,             1250.0   ,                800.0   ,               61.0   ,        14.0   ,         79   ,                          16   ,                       290   ,
2014-01-24 11:55:46 ,             1250.0   ,                800.0   ,               61.0   ,        14.1   ,         79   ,                          16   ,                       287   ,
2014-01-24 11:55:47 ,             1250.0   ,                800.0   ,               61.0   ,        14.1   ,         79   ,                          16   ,                       290   ,
2014-01-24 11:55:48 ,             1250.0   ,                800.0   ,               62.0   ,        14.0   ,         78   ,                          16   ,                       285   ,
2014-01-24 11:55:49 ,             1250.0   ,                800.0   ,               61.0   ,        13.9   ,         78   ,                          16   ,                       287   ,
2014-01-24 11:55:50 ,             1250.0   ,                800.0   ,               61.0   ,        13.8   ,         78   ,                          16   ,                       290   ,
2014-01-24 11:55:51 ,             1250.0   ,                800.0   ,               61.0   ,        13.9   ,         78   ,                          16   ,                       287   ,
2014-01-24 11:55:52 ,             1250.0   ,                800.0   ,               62.0   ,        14.0   ,         79   ,                          16   ,                       287   ,
2014-01-24 11:55:53 ,             1250.0   ,                800.0   ,               62.0   ,        14.0   ,         79   ,                          16   ,                       287   ,
2014-01-24 11:55:54 ,             1250.0   ,                800.0   ,               62.0   ,        14.1   ,         79   ,                          16   ,                       287   ,
2014-01-24 11:55:55 ,             1250.0   ,                800.0   ,               61.0   ,        14.0   ,         79   ,                          16   ,                       287   ,
2014-01-24 11:55:56 ,             1250.0   ,                800.0   ,               61.0   ,        14.0   ,         79   ,                          16   ,                       290   ,
2014-01-24 11:55:57 ,             1250.0   ,                800.0   ,               62.0   ,        13.9   ,         78   ,                          16   ,                       287   ,
2014-01-24 11:55:58 ,             1250.0   ,                800.0   ,               62.0   ,        13.9   ,         78   ,                          16   ,                       290   ,
2014-01-24 11:55:59 ,             1250.0   ,                800.0   ,               63.0   ,        14.0   ,         78   ,                          16   ,                       290   ,
2014-01-24 11:56:00 ,             1250.0   ,                800.0   ,               62.0   ,        14.0   ,         78   ,                          16   ,                       285   ,
2014-01-24 11:56:01 ,             1250.0   ,                800.0   ,               62.0   ,        14.0   ,         78   ,                          16   ,                       290   ,
2014-01-24 11:56:02 ,             1250.0   ,                800.0   ,               61.0   ,        14.0   ,         78   ,                          16   ,                       287   ,
2014-01-24 11:56:03 ,             1250.0   ,                800.0   ,               61.0   ,        13.8   ,         78   ,                          16   ,                       287   ,
2014-01-24 11:56:04 ,             1250.0   ,                800.0   ,               61.0   ,        14.0   ,         78   ,                          16   ,                       287   ,
2014-01-24 11:56:05 ,             1250.0   ,                800.0   ,               62.0   ,        13.7   ,         79   ,                          16   ,                       279   ,
2014-01-24 11:56:06 ,             1250.0   ,                800.0   ,               61.0   ,        13.9   ,         78   ,                          16   ,                       279   ,
2014-01-24 11:56:07 ,             1250.0   ,                800.0   ,               61.0   ,        13.9   ,         78   ,                          16   ,                       279   ,
2014-01-24 11:56:08 ,             1250.0   ,                800.0   ,               61.0   ,        13.9   ,         79   ,                          16   ,                       279   ,
2014-01-24 11:56:09 ,             1250.0   ,                800.0   ,               62.0   ,        13.9   ,         79   ,                          16   ,                       281   ,
2014-01-24 11:56:10 ,             1250.0   ,                800.0   ,               62.0   ,        14.0   ,         78   ,                          16   ,                       279   ,
2014-01-24 11:56:11 ,             1250.0   ,                800.0   ,               61.0   ,        14.0   ,         79   ,                          16   ,                       279   ,
2014-01-24 11:56:12 ,             1250.0   ,                800.0   ,               61.0   ,        14.0   ,         79   ,                          16   ,                       279   ,
2014-01-24 11:56:13 ,             1250.0   ,                800.0   ,               61.0   ,        13.9   ,         79   ,                          16   ,                       281   ,
2014-01-24 11:56:14 ,             1250.0   ,                800.0   ,               61.0   ,        13.8   ,         78   ,                          16   ,                       279   ,
2014-01-24 11:56:15 ,             1250.0   ,                800.0   ,               61.0   ,        13.9   ,         78   ,                          16   ,                       279   ,
2014-01-24 11:56:16 ,             1250.0   ,                800.0   ,               61.0   ,        14.0   ,         79   ,                          16   ,                       279   ,
2014-01-24 11:56:17 ,             1250.0   ,                800.0   ,               61.0   ,        14.0   ,         79   ,                          16   ,                       279   ,
2014-01-24 11:56:18 ,             1250.0   ,                800.0   ,               61.0   ,        14.1   ,         79   ,                          16   ,                       281   ,
2014-01-24 11:56:19 ,             1250.0   ,                800.0   ,               61.0   ,        14.0   ,         78   ,                          16   ,                       281   ,
2014-01-24 11:56:20 ,             1250.0   ,                800.0   ,               62.0   ,        13.9   ,         78   ,                          16   ,                       281   ,
2014-01-24 11:56:21 ,             1250.0   ,                800.0   ,               61.0   ,        13.9   ,         78   ,                          16   ,                       279   ,
2014-01-24 11:56:22 ,             1250.0   ,                800.0   ,               62.0   ,        13.9   ,         79   ,                          16   ,                       279   ,
2014-01-24 11:56:23 ,             1250.0   ,                800.0   ,               62.0   ,        14.0   ,         79   ,                          16   ,                       279   ,
2014-01-24 11:56:24 ,             1250.0   ,                800.0   ,               63.0   ,        14.0   ,         79   ,                          16   ,                       281   ,
2014-01-24 11:56:25 ,             1250.0   ,                800.0   ,               62.0   ,        14.1   ,         79   ,                          16   ,                       279   ,
2014-01-24 11:56:26 ,             1250.0   ,                800.0   ,               64.0   ,        14.1   ,         79   ,                          16   ,                       279   ,
2014-01-24 11:56:27 ,             1250.0   ,                800.0   ,               62.0   ,        14.0   ,         78   ,                          16   ,                       279   ,
2014-01-24 11:56:28 ,             1250.0   ,                800.0   ,               61.0   ,        14.0   ,         79   ,                          16   ,                       279   ,
2014-01-24 11:56:29 ,             1250.0   ,                800.0   ,               63.0   ,        13.8   ,         78   ,                          16   ,                       279   ,
2014-01-24 11:56:30 ,             1250.0   ,                800.0   ,               62.0   ,        13.9   ,         78   ,                          16   ,                       279   ,
2014-01-24 11:56:31 ,             1250.0   ,                800.0   ,               62.0   ,        13.9   ,         78   ,                          16   ,                       279   ,
2014-01-24 11:56:33 ,             1250.0   ,                800.0   ,               62.0   ,        14.0   ,         79   ,                          16   ,                       279   ,
2014-01-24 11:56:34 ,             1250.0   ,                800.0   ,               62.0   ,        14.1   ,         79   ,                          16   ,                       279   ,
2014-01-24 11:56:35 ,             1250.0   ,                800.0   ,               62.0   ,        14.0   ,         79   ,                          16   ,                       279   ,
2014-01-24 11:56:36 ,             1250.0   ,                800.0   ,               63.0   ,        14.0   ,         79   ,                          16   ,                       281   ,
2014-01-24 11:56:37 ,             1250.0   ,                800.0   ,               62.0   ,        13.9   ,         78   ,                          16   ,                       279   ,
2014-01-24 11:56:38 ,             1250.0   ,                800.0   ,               62.0   ,        13.9   ,         78   ,                          16   ,                       279   ,
2014-01-24 11:56:39 ,             1250.0   ,                800.0   ,               63.0   ,        13.9   ,         78   ,                          16   ,                       279   ,
2014-01-24 11:56:40 ,             1250.0   ,                800.0   ,               62.0   ,        13.9   ,         78   ,                          16   ,                       281   ,
2014-01-24 11:56:41 ,             1250.0   ,                800.0   ,               62.0   ,        14.0   ,         79   ,                          16   ,                       279   ,
2014-01-24 11:56:42 ,             1250.0   ,                800.0   ,               62.0   ,        14.1   ,         79   ,                          16   ,                       281   ,
2014-01-24 11:56:43 ,             1250.0   ,                800.0   ,               62.0   ,        14.1   ,         79   ,                          16   ,                       281   ,
2014-01-24 11:56:44 ,             1250.0   ,                800.0   ,               61.0   ,        14.0   ,         79   ,                          16   ,                       281   ,
2014-01-24 11:56:45 ,             1250.0   ,                800.0   ,               61.0   ,        13.9   ,         78   ,                          16   ,                       281   ,
2014-01-24 11:56:46 ,             1250.0   ,                800.0   ,               61.0   ,        13.8   ,         78   ,                          16   ,                       279   ,
2014-01-24 11:56:47 ,             1250.0   ,                800.0   ,               61.0   ,        13.9   ,         78   ,                          16   ,                       279   ,
2014-01-24 11:56:48 ,             1250.0   ,                800.0   ,               62.0   ,        13.9   ,         78   ,                          16   ,                       279   ,
2014-01-24 11:56:49 ,             1250.0   ,                800.0   ,               61.0   ,        14.1   ,         79   ,                          16   ,                       281   ,
2014-01-24 11:56:50 ,             1250.0   ,                800.0   ,               62.0   ,        13.8   ,         77   ,                          16   ,                       279   ,
2014-01-24 11:56:51 ,             1250.0   ,                800.0   ,               62.0   ,        14.1   ,         79   ,                          16   ,                       279   ,
2014-01-24 11:56:52 ,             1250.0   ,                800.0   ,               62.0   ,        14.0   ,         79   ,                          16   ,                       281   ,
2014-01-24 11:56:53 ,             1250.0   ,                800.0   ,               62.0   ,        13.9   ,         78   ,                          16   ,                       279   ,
2014-01-24 11:56:54 ,             1250.0   ,                800.0   ,               62.0   ,        13.9   ,         79   ,                          16   ,                       279   ,
2014-01-24 11:56:55 ,             1250.0   ,                800.0   ,               61.0   ,        13.9   ,         78   ,                          16   ,                       279   ,
2014-01-24 11:56:56 ,             1250.0   ,                800.0   ,               62.0   ,        14.0   ,         78   ,                          16   ,                       279   ,
2014-01-24 11:56:57 ,             1250.0   ,                800.0   ,               63.0   ,        14.1   ,         79   ,                          16   ,                       279   ,
2014-01-24 11:56:58 ,             1250.0   ,                800.0   ,               62.0   ,        14.0   ,         79   ,                          16   ,                       279   ,
2014-01-24 11:56:59 ,             1250.0   ,                800.0   ,               62.0   ,        14.0   ,         79   ,                          16   ,                       281   ,
2014-01-24 11:57:00 ,             1250.0   ,                800.0   ,               62.0   ,        13.8   ,         78   ,                          16   ,                       279   ,
2014-01-24 11:57:01 ,             1250.0   ,                800.0   ,               62.0   ,        14.0   ,         79   ,                          16   ,                       281   ,
2014-01-24 11:57:02 ,             1250.0   ,                800.0   ,               62.0   ,        13.9   ,         78   ,                          16   ,                       281   ,
2014-01-24 11:57:03 ,             1250.0   ,                800.0   ,               62.0   ,        14.0   ,         79   ,                          16   ,                       279   ,
2014-01-24 11:57:04 ,             1250.0   ,                800.0   ,               62.0   ,        14.0   ,         78   ,                          16   ,                       279   ,
2014-01-24 11:57:05 ,             1250.0   ,                800.0   ,               63.0   ,        14.0   ,         79   ,                          16   ,                       279   ,
2014-01-24 11:57:06 ,             1250.0   ,                800.0   ,               62.0   ,        14.0   ,         79   ,                          16   ,                       279   ,
2014-01-24 11:57:07 ,             1250.0   ,                800.0   ,               62.0   ,        14.0   ,         79   ,                          16   ,                       281   ,
2014-01-24 11:57:08 ,             1250.0   ,                800.0   ,               61.0   ,        14.0   ,         79   ,                          16   ,                       281   ,
2014-01-24 11:57:09 ,             1250.0   ,                800.0   ,               62.0   ,        13.9   ,         78   ,                          16   ,                       279   ,
2014-01-24 11:57:10 ,             1250.0   ,                800.0   ,               62.0   ,        13.8   ,         78   ,                          16   ,                       281   ,
2014-01-24 11:57:11 ,             1250.0   ,                800.0   ,               63.0   ,        14.0   ,         79   ,                          16   ,                       279   ,
2014-01-24 11:57:12 ,             1250.0   ,                800.0   ,               63.0   ,        14.0   ,         78   ,                          16   ,                       279   ,
2014-01-24 11:57:13 ,             1250.0   ,                800.0   ,               62.0   ,        14.1   ,         79   ,                          16   ,                       279   ,
2014-01-24 11:57:14 ,             1250.0   ,                800.0   ,               63.0   ,        14.0   ,         79   ,                          16   ,                       279   ,
2014-01-24 11:57:15 ,             1250.0   ,                800.0   ,               62.0   ,        14.1   ,         79   ,                          16   ,                       279   ,
2014-01-24 11:57:16 ,             1250.0   ,                800.0   ,               63.0   ,        13.9   ,         79   ,                          16   ,                       279   ,
2014-01-24 11:57:17 ,             1250.0   ,                800.0   ,               61.0   ,        13.9   ,         79   ,                          16   ,                       279   ,
2014-01-24 11:57:18 ,             1250.0   ,                800.0   ,               62.0   ,        13.9   ,         79   ,                          16   ,                       279   ,
2014-01-24 11:57:19 ,             1250.0   ,                800.0   ,               62.0   ,        14.0   ,         79   ,                          16   ,                       279   ,
2014-01-24 11:57:20 ,             1250.0   ,                800.0   ,               63.0   ,        14.0   ,         78   ,                          16   ,                       279   ,
2014-01-24 11:57:21 ,             1250.0   ,                800.0   ,               63.0   ,        14.1   ,         79   ,                          16   ,                       281   ,
2014-01-24 11:57:22 ,             1250.0   ,                800.0   ,               62.0   ,        14.1   ,         79   ,                          16   ,                       279   ,
2014-01-24 11:57:23 ,             1250.0   ,                800.0   ,               63.0   ,        14.0   ,         78   ,                          16   ,                       279   ,
2014-01-24 11:57:24 ,             1250.0   ,                800.0   ,               62.0   ,        13.9   ,         78   ,                          16   ,                       281   ,
2014-01-24 11:57:25 ,             1250.0   ,                800.0   ,               61.0   ,        13.8   ,         78   ,                          16   ,                       279   ,
2014-01-24 11:57:26 ,             1250.0   ,                800.0   ,               62.0   ,        14.0   ,         79   ,                          16   ,                       279   ,
2014-01-24 11:57:27 ,             1250.0   ,                800.0   ,               63.0   ,        14.0   ,         79   ,                          16   ,                       281   ,
2014-01-24 11:57:28 ,             1250.0   ,                800.0   ,               62.0   ,        14.1   ,         79   ,                          16   ,                       279   ,
2014-01-24 11:57:29 ,             1250.0   ,                800.0   ,               62.0   ,        14.0   ,         79   ,                          16   ,                       279   ,
2014-01-24 11:57:30 ,             1250.0   ,                800.0   ,               62.0   ,        14.0   ,         79   ,                          16   ,                       279   ,
2014-01-24 11:57:31 ,             1250.0   ,                800.0   ,               62.0   ,        14.0   ,         79   ,                          16   ,                       281   ,
2014-01-24 11:57:32 ,             1250.0   ,                800.0   ,               62.0   ,        14.0   ,         79   ,                          16   ,                       281   ,
2014-01-24 11:57:33 ,             1250.0   ,                800.0   ,               62.0   ,        13.9   ,         78   ,                          16   ,                       281   ,
2014-01-24 11:57:34 ,             1250.0   ,                800.0   ,               62.0   ,        14.0   ,         79   ,                          16   ,                       279   ,
2014-01-24 11:57:35 ,              350.0   ,                800.0   ,               56.0   ,        10.6   ,         58   ,                          16   ,                       274   ,
2014-01-24 11:57:36 ,              350.0   ,                800.0   ,               59.0   ,         0.0   ,          1   ,                          16   ,                       274   ,
2014-01-24 11:57:37 ,              350.0   ,                800.0   ,               55.0   ,         0.0   ,          1   ,                          16   ,                       274   ,
2014-01-24 11:57:38 ,              350.0   ,                800.0   ,               59.0   ,         0.0   ,          1   ,                          16   ,                       274   ,
2014-01-24 11:57:39 ,              350.0   ,                800.0   ,               55.0   ,         0.1   ,          3   ,                          16   ,                       274   ,
